   0   0   0   0   0   0   0   0   0   0   0   0   0   0   0   0   0   0   0   0
   0   0   0   0   0   0   0  13  28  37  28  13   0   0   0   0   0   0   0   0
   0   0   0   0   0   0  13  38  41  37  41  38  13   0   0   0   0   0   0   0
   0   0   0   0   0  13  38  38  13   0  13  38  38  13   0   0   0   0   0   0
   0   0   0   0   0  28  41  13   0   0   0  13  41  28   0   0   0   0   0   0
   0   0   0   0   0  37  37   0   0   0   0   0  37  37   0   0   0   0   0   0
   0   0   0   0   0  28  41  13   0   0   0  13  41  28   0   0   0   0   0   0
   0   0   0   0   0  13  38  38  13   0  13  38  38  13   0   0   0   0   0   0
   0   0   0   0   0   0  13  38  41  37  41  38  13   0   0   0   0   0   0   0
   0   0   0   0   0   0   0  13  28  37  28  13   0   0   0   0   0   0   0   0
   0   0   0   0   0   0   0   0   0   0   0   0   0   0   0   0   0   0   0   0
