0.797297749151
0.805944746334
0.811856004071
0.812027841096
0.811200168835
0.810881405623
0.810565563106
0.805438443468
0.808166774619
0.810265336037
0.805800810614
0.810262557596
0.808800382221
0.808678794209
0.810460309943
0.811830564172
0.809310504484
0.810980043192
0.807705978534
0.810007556425
0.810351575470
0.810559935876
0.808904188522
0.811673804338
0.809498099283
0.809355077134
0.810901591541
0.808853844974
0.812991052151
0.810734288886
0.810015699369
0.810815097419
0.814772692844
0.811315738838
0.811152011232
0.810101403435
0.811739030635
0.812138860989
0.811845422657
0.808036198245
0.810312776381
0.813240845846
0.810639978129
0.812491915075
0.806873035965
0.813071489416
0.798878571432
0.774783601309
0.736038736348
0.686169548457
0.636704995608
0.581027777835
0.551330615432
0.513063087526
0.514530049346
0.499026791648
0.497394502164
0.500463135434
0.500231370358
0.520979371920
0.527064246232
0.544611666107
0.581521675796
0.600235957516
0.655655130356
0.678681272613
0.699392791130
0.715089094823
0.731365009577
0.750884873805
0.763720584387
0.771354522515
0.780292105461
0.779653852387
0.792156041204
0.788283875045
0.795765834196
0.800735055841
0.799705238753
0.799863654514
0.806695982494
0.804554065398
0.803332883605
0.804850795759
0.806739665131
0.810210051409
0.807477487457
0.807807820719
0.809636147823
0.809639800828
0.809468277325
0.810109875737
0.809861924524
0.810992016154
0.811382818318
0.810673024859
0.810644193691
0.812135471499
0.811937518088
0.812984556448
0.810725973581
0.810477239795
0.811803578493
0.810177081315
0.812507774732
0.811067899371
0.813075841370
0.808882074748
0.813344358379
0.812459805585
0.812015379175
0.812268836325
0.811729432391
0.815539441810
0.813596648417
0.812195782263
0.814999929710
0.813269403445
0.814841289841
0.812774791616
0.813902688531
0.809629537749
0.812329414878
0.812877419714
0.813571954561
0.812788277760
0.810742415092
0.813327161867
0.812821369812
0.807428267462
0.813322337379
0.811231946187
0.812501249784
0.813396392157
0.812610500714
0.811558609119
0.811468371306
0.811790043748
0.810897667608
0.816615215355
0.814203775049
0.808578499089
0.812983382057
0.813925224520
0.814139760099
0.817430719860
0.816321071974
0.818202907317
0.816608820820
0.816571197633
0.814681615955
0.817810460990
0.818859951387
0.815469369008
0.815120453783
0.817837186187
0.815728991038
0.817131468954
0.817107453508
0.813041137251
0.817849984501
0.816104952688
0.816048863726
0.816762469062
0.817770233787
0.816156341978
0.816717041757
0.815230625904
0.814037396474
0.813517154842
0.816666477880
0.812990873964
0.815114351724
0.813284039868
0.815586503083
0.814541698088
0.815506277644
0.813027727184
0.814984382202
0.816609697098
0.818180647861
0.815194081892
0.815310454103
0.812930753814
0.814366055069
0.813732735308
0.814808201444
0.813352128494
0.814998260152
0.816915290358
0.815396163800
0.817636291655
0.817097372327
0.814001452367
0.814047327592
0.816164937470
0.816525571668
0.815096851167
0.813276886221
0.814405956548
0.816634008467
0.813428586186
0.814099178188
0.814066438348
0.817727920040
0.815142817072
0.815524196886
0.811856440817
0.815818592967
0.815562506371
0.815773667201
0.814656601729
0.810352264997
0.810430508843
0.813084343891
0.815113838549
0.813183407010
0.814982750558
0.811002997271
0.814877433133
0.814603242122
0.812969585821
0.816683934569
0.815049243431
0.813374110816
0.813853372990
0.814574486755
0.810828027271
0.811352158542
0.808763777979
0.815207568834
0.813705703509
0.814159971716
0.815083772318
0.813727837214
0.816624355998
0.813754530718
0.815126664158
0.816463150788
0.817675255268
0.812143236972
0.814037509296
0.814925673357
0.814060829218
0.818914606972
0.818580187940
0.819893368277
0.816555473784
0.816963044017
0.803059480788
0.739106481379
0.638206796314
0.523828004606
0.441597533533
0.364880291750
0.310243502047
0.277390780721
0.256195098452
0.241889127683
0.226543276721
0.227630433426
0.218675600822
0.220897295722
0.222465302765
0.231554058867
0.250198959716
0.263342128709
0.277236524742
0.289957758164
0.322010994400
0.388321205600
0.455439896438
0.533233064058
0.591346737781
0.638242171078
0.677802137073
0.705914489107
0.719412010238
0.735984452865
0.745702041132
0.757132643117
0.765154190260
0.779201139970
0.782966469344
0.784095074226
0.792109753104
0.796145391166
0.792487559028
0.798918613677
0.796946025584
0.803651214682
0.804241549850
0.808956841814
0.807239987405
0.806207249541
0.811209658613
0.811990648062
0.813905071776
0.811540882496
0.811041583166
0.812602640566
0.813203661324
0.813822026979
0.813531448696
0.815836599251
0.815810358844
0.816428748523
0.817053699909
0.810766089224
0.815561012661
0.815951752012
0.818232131950
0.816765597437
0.817803354911
0.819171486372
0.818818600618
0.818584377018
0.819961266671
0.819984164702
0.822458954075
0.820862669682
0.819121907892
0.818845793822
0.818314840341
0.821225386103
0.819332019449
0.821836316235
0.820216535913
0.819264300978
0.820278176184
0.821221728953
0.818142386185
0.822393707571
0.821589200427
0.821342438216
0.821142645205
0.820139211834
0.821005113302
0.820082689052
0.820126377491
0.817889168309
0.820370151805
0.818054237252
0.820542310197
0.818151049030
0.821334958232
0.817516399284
0.821072798416
0.821529089857
0.822557708910
0.819904840669
0.819427391568
0.820615500426
0.820419530490
0.821033583227
0.822825585074
0.820495543080
0.819428973595
0.819570557155
0.820081967426
0.822501870267
0.818192075514
0.820881910166
0.820707302748
0.818967959105
0.820744402815
0.817483098880
0.819643765691
0.819261853173
0.818508859327
0.820414817034
0.820225990676
0.819139883592
0.818325923596
0.819419310587
0.821065258033
0.816730702737
0.819703359886
0.817774671858
0.823111250766
0.821659619620
0.820621410173
0.820422109742
0.820257160049
0.818726489749
0.820433806940
0.820486329490
0.815849718282
0.818206397004
0.819946737662
0.821507269785
0.820970245727
0.818347932109
0.818304848204
0.817802282115
0.819130404590
0.819466494038
0.818635341300
0.817421594536
0.815578681642
0.818541215697
0.818252925515
0.816630674399
0.821371097597
0.819252829209
0.817709458938
0.817409285004
0.818015712468
0.818330687736
0.816344360066
0.816133645915
0.820233030095
0.819542888077
0.818218766775
0.816012059969
0.817831429824
0.818473891376
0.819674704932
0.815602084040
0.817741073067
0.819898322669
0.817195517530
0.816906759316
0.820207418272
0.817508543474
0.817105338958
0.818322245368
0.819169845760
0.818246137633
0.818485633455
0.820298710126
0.818102711770
0.817944371655
0.815328381528
0.817731573204
0.816654705028
0.819737320864
0.819282381028
0.819062658738
0.818184754122
0.816573939972
0.817096251770
0.818666752318
0.812184720978
0.816659854325
0.819057637888
0.817355031321
0.815683338994
0.817798361520
0.817948008481
0.819510616028
0.820824712667
0.814303335427
0.817217469228
0.817573623231
0.820193850754
0.817534981014
0.818764428040
0.816989579108
0.816186989973
0.818603382568
0.816382411119
0.818119734077
0.814538507823
0.815965781670
0.816725024361
0.816529705408
0.816326443540
0.817532651370
0.817548610789
0.816978813926
0.818688027847
0.815169567344
0.817104264884
0.816874798830
0.814221371239
0.814698271662
0.816191613608
0.815539309503
0.817884841223
0.815979078287
0.816056256799
0.819029068628
0.822100027417
0.819160470895
0.816678418677
0.818688511663
0.817079771194
0.816675443535
0.816580481164
0.815401593442
0.816692900164
0.815741203995
0.816863328073
0.818450455242
0.820415259401
0.814726103158
0.814753087353
0.817624276018
0.814902980636
0.818494679726
0.814636779959
0.818330240201
0.815356373470
0.814945642712
0.813071252785
0.813059403019
0.811714367648
0.816425779636
0.817818351211
0.816900448568
0.814893826756
0.815148152652
0.817315622408
0.816039339861
0.815879870024
0.814477434939
0.818112975907
0.816397566162
0.817570317805
0.816616073795
0.818886893764
0.818319601933
0.818429076834
0.816554835060
0.814123776239
0.810668761820
0.816295407087
0.815977210171
0.818831326400
0.816118020093
0.817315416339
0.816502897450
0.815215214964
0.815136472862
0.814140620212
0.818222140676
0.819160971561
0.818113922573
0.818220407431
0.817007107367
0.819150945993
0.818627536485
0.812906362413
0.817911091545
0.817661466042
0.815560333503
0.813409816399
0.818211429966
0.818146620298
0.816562574199
0.816391726341
0.816553894576
0.816121302112
0.815110890305
0.816838130617
0.813004387868
0.816121771231
0.817551203641
0.817862779648
0.813618851773
0.817393746064
0.810629681005
0.813611062255
0.818817068894
0.819127223638
0.818378930423
0.818055458087
0.816908944848
0.816040963230
0.815762820118
0.815058853415
0.811076525466
0.812122940127
0.811695406033
0.813410656278
0.816216766056
0.813722142326
0.814143665420
0.814157550793
0.812665695112
0.813348578817
0.806832117407
0.812569903838
0.810020876325
0.813481135976
0.810356336047
0.814059380818
0.812815623030
0.812241709997
0.815525418654
0.809946079946
0.813166178883
0.808380655818
0.811174734626
0.814262524974
0.811639273797
0.812246056141
0.811813405417
0.811142191984
0.813791461122
0.812199528010
0.811890799977
0.811384550958
0.813354427876
0.812513037693
0.813615055921
0.811045370665
0.810953450562
0.809530907217
0.799496034653
0.769700439008
0.717437779184
0.662949633477
0.603030065816
0.554308319626
0.522392445212
0.493279054850
0.486536331105
0.471277013838
0.501241943981
0.497672787596
0.506313460484
0.520934263761
0.527229147181
0.559643063671
0.568916041008
0.582100460596
0.598409935768
0.636155931948
0.661784387735
0.676510493619
0.697396253872
0.718138869404
0.723725554390
0.749072499194
0.758406428803
0.761451144311
0.766048755422
0.779013473490
0.782109009536
0.783450832271
0.781474278235
0.794897183591
0.792258763913
0.792999997685
0.794046731393
0.800626378256
0.803022837067
0.803221005763
0.809781421815
0.806131183413
0.808684412133
0.810034314523
0.811260472035
0.814167709411
0.814587355449
0.815124567621
0.819179464620
0.813885941900
0.810599891299
0.816463609667
0.818493973828
0.816348106233
0.821444150746
0.819262760525
0.814363885254
0.821462408791
0.819393765770
0.821303819927
0.820214001088
0.819554196106
0.820484824147
0.821792935317
0.819997366721
0.820285387599
0.821366498516
0.820824691253
0.821775483994
0.820781920178
0.819744172105
0.821514423834
0.822540259786
0.822419551973
0.821006847136
0.819825421629
0.822813099109
0.822701964737
0.821604826548
0.819678924179
0.819655446449
0.816801300276
0.822811940579
0.818538690869
0.819155986429
0.821340763082
0.821464653988
0.820944430912
0.818240106858
0.819060961474
0.819584760211
0.819340288075
0.821010980229
0.820819862074
0.823707521213
0.817535588199
0.820515602605
0.821658088422
0.820518696083
0.824027449745
0.824290631433
0.823520273376
0.820386017587
0.822698331639
0.822263855706
0.820678786336
0.820770105440
0.819952856630
0.819016505022
0.816870586118
0.820617121224
0.822568886452
0.818734792139
0.819735384403
0.822416820716
0.819099530898
0.819070335198
0.818038645493
0.819243943314
0.820316850103
0.820590575220
0.822260560677
0.815886446692
0.820988458149
0.817534107987
0.818499484469
0.820866697981
0.819873005581
0.821305358867
0.816496546517
0.822579536830
0.818774289309
0.820849999763
0.823585572379
0.821578171725
0.824160503927
0.819830419500
0.819738339140
0.817539818370
0.819179202606
0.816626187383
0.820361084713
0.817407955236
0.820037733595
0.816612057736
0.819816222977
0.818230250110
0.820222748725
0.819271945095
0.816423469396
0.817052874494
0.817597623811
0.817174142099
0.816926920823
0.816147013216
0.815406456674
0.816580425602
0.816774965826
0.815369566523
0.817516412907
0.813275489712
0.814972490517
0.818454672010
0.815729241913
0.817193296103
0.813154365648
0.814101697639
0.817895564951
0.813216517158
0.812652021957
0.811578486743
0.816124832757
0.812966763983
0.814188947739
0.815100746220
0.815310803692
0.814393678546
0.818809349206
0.815790662857
0.819206912468
0.814485418398
0.818750928705
0.817925614413
0.813571728241
0.818898073592
0.815818315226
0.813675992980
0.816242966584
0.818266760926
0.818246921702
0.812024268448
0.819770082731
0.812511426607
0.813869456531
0.816852351535
0.815236225414
0.818879371489
0.816003499258
0.814782122040
0.818053553755
0.816265236291
0.817671035305
0.816406964645
0.816511929515
0.816963033337
0.816790100409
0.817225258875
0.815646293683
0.816232396592
0.813515473028
0.816622183677
0.817272891919
0.812778002997
0.815117767115
0.814030419130
0.814431573445
0.813774939434
0.814954030609
0.814883841198
0.816231888423
0.813335947318
0.784884483119
0.674696401945
0.524545425285
0.417763572310
0.333343859882
0.287685059836
0.260977441357
0.244434506888
0.236261390261
0.223290027651
0.220141429798
0.218030296509
0.212019756419
0.218148112706
0.217301918196
0.230278804699
0.244609474642
0.276773867084
0.283450367681
0.316325998451
0.373559826801
0.444932550283
0.515902852937
0.568510136425
0.612065222116
0.655407758340
0.681265426679
0.708335137693
0.724662959210
0.736177273447
0.759069892499
0.755861430872
0.771838481075
0.781384092490
0.787064882064
0.791800952585
0.791698734782
0.799324032578
0.797713124771
0.801483399097
0.804817442830
0.806401575670
0.806009068642
0.809857463797
0.812006163259
0.812004104277
0.812439125515
0.815719378014
0.810060595546
0.817427266865
0.816029618447
0.816785880692
0.812059089211
0.814209075381
0.817173324765
0.819627971146
0.815658935185
0.815883901314
0.816903847141
0.819608910651
0.817345100168
0.818690260868
0.819091339890
0.818806506125
0.816917441541
0.819272590336
0.818786399286
0.817824925905
0.820834308013
0.822163570403
0.821170546536
0.822437240019
0.818996931846
0.822437322146
0.820159874097
0.822282087809
0.820245790763
0.823387505389
0.822893459874
0.822615210121
0.824977646238
0.822880866355
0.821057023673
0.818369889089
0.821032665487
0.819565403919
0.820408349882
0.816587574803
0.817899846095
0.818745857536
0.820743490080
0.821062559411
0.817835277013
0.818963001485
0.818448964562
0.821437564915
0.822615937317
0.822572509283
0.817262627006
0.818622775232
0.822415816486
0.820953637418
0.817875598306
0.819256644037
0.820971712239
0.820541046608
0.822275134536
0.819742557909
0.818909553621
0.819963670327
0.819780452881
0.819910186046
0.816927505183
0.818852202822
0.820721826809
0.821060126240
0.820501768086
0.817891724071
0.820551933905
0.819316198213
0.818509376317
0.820425390420
0.819159220720
0.817551634114
0.817224363661
0.818629431473
0.816992543906
0.818411551067
0.817740982260
0.818926627911
0.820032604112
0.817281945430
0.819172536583
0.819402824620
0.822362383196
0.820012929504
0.819919115181
0.820146450104
0.822519522474
0.821853374326
0.823425272484
0.820502856743
0.818605723157
0.818494225559
0.819805327516
0.820201024501
0.819521897119
0.816366459837
0.817655413792
0.817913949837
0.816538613533
0.818617366177
0.817066958814
0.821958260357
0.812961084492
0.817146839449
0.821680020929
0.818008240572
0.816360634250
0.817688136277
0.819151880738
0.820440844512
0.814092875926
0.818090687572
0.815437518112
0.818439126238
0.819570710200
0.817668503852
0.820365406403
0.820093925989
0.817303147512
0.816460460020
0.822301815647
0.819672899097
0.819265575146
0.820150806488
0.823658762668
0.819642309218
0.820919511408
0.820132132693
0.818661906100
0.818646112989
0.818437214415
0.819846256224
0.817716959001
0.815968362585
0.820979157088
0.821665959388
0.822276762274
0.819616403815
0.821997581815
0.822409788596
0.819006431396
0.819813857639
0.819264483097
0.819393639724
0.822707778241
0.825542436327
0.821092963748
0.820815401231
0.822299392411
0.820016735676
0.822178802492
0.820032312953
0.820836288313
0.818517817782
0.823084371458
0.821776971025
0.823042099395
0.820288796671
0.822008862140
0.819199884073
0.818966105608
0.818583382663
0.822828503458
0.817652074657
0.826291182773
0.822736188616
0.821788513063
0.821151437067
0.822625636871
0.821897083290
0.823759666232
0.823371942082
0.818532125358
0.818157435545
0.823891031711
0.817319507562
0.818575956073
0.822071941412
0.820061343534
0.820393628412
0.818467658911
0.819479240624
0.819568854023
0.818361113352
0.820977303988
0.818309985021
0.821284113662
0.815658283364
0.818484209459
0.821722860380
0.819742667241
0.820510027367
0.819897225805
0.819777050409
0.822558024615
0.818221118376
0.822297377824
0.819687900078
0.818306405350
0.820864017174
0.817607627623
0.823446602649
0.820337663026
0.820661884700
0.823355151971
0.821996912666
0.820180728482
0.821065740223
0.821646638633
0.819326575472
0.820137866606
0.821807292454
0.822596916910
0.818604349456
0.820278029923
0.820846186400
0.823292566840
0.817623560639
0.816799356209
0.820284175018
0.821122056002
0.819209328854
0.817711410196
0.815745512394
0.816354969949
0.818294299172
0.815456283626
0.821006545526
0.818358822354
0.822364696988
0.819774781793
0.822478038617
0.819106274803
0.819680740641
0.816817651367
0.818222199525
0.819607979898
0.819047614041
0.820390203042
0.819837553239
0.813440005264
0.813653334106
0.817966844524
0.819160896311
0.822240860069
0.817869723952
0.818853717805
0.816969589532
0.817102793615
0.819603637147
0.818784219119
0.816622773817
0.820930869457
0.814743298685
0.818777918212
0.818154241581
0.820231665009
0.815039808091
0.820880316310
0.819548044490
0.818399869518
0.819039914643
0.816397066160
0.816771894350
0.819603467078
0.818138889880
0.819789782294
0.820181070443
0.819038163569
0.820753563001
0.819433018980
0.818644045685
0.820586783961
0.818466701281
0.813217074060
0.814535082469
0.814545697379
0.817642640512
0.818925017177
0.809530878531
0.812095940428
0.815107698661
0.816392206087
0.819890263020
0.815874392427
0.817097937200
0.816606539052
0.816276479695
0.816047963976
0.820473394739
0.819036668701
0.814746954390
0.816298467299
0.816638895605
0.815801417323
0.814966595108
0.817425367031
0.821277047757
0.813442485436
0.808966932965
0.818470774787
0.817346400565
0.817093623099
0.818381225417
0.813042790128
0.817545952323
0.819881410837
0.818634586702
0.816395660503
0.814222349140
0.816056121695
0.815372662731
0.815689161783
0.813569152348
0.814054558424
0.816246302306
0.819839119960
0.819238863802
0.816654321487
0.816374607163
0.816716354611
0.816857662368
0.817607478945
0.810478803285
0.816639128054
0.813633895734
0.816521520770
0.818392682837
0.812506439953
0.814058777140
0.813901256037
0.813671369291
0.816233278764
0.817835522576
0.814871710683
0.804316890780
0.785552375174
0.764812689472
0.728328659214
0.697350472470
0.685857574777
0.662744561019
0.654230607586
0.659769356186
0.652132590949
0.672722342157
0.661568624676
0.678371141069
0.685435260628
0.690057777454
0.690546780043
0.705188247035
0.714691614104
0.719882895761
0.724622957932
0.738557805245
0.741248080104
0.751622346694
0.760321339411
0.772093450085
0.777975017500
0.785148335080
0.785870733036
0.790761552660
0.797724918821
0.799250109958
0.803121995209
0.802641990986
0.803818525837
0.806767812562
0.808895762165
0.808170264715
0.813843764141
0.817061633072
0.814453340606
0.819861450024
0.814700414750
0.818250263104
0.817157646169
0.813110377827
0.818846525003
0.818109710702
0.815884434709
0.819137376149
0.815279594232
0.822930507324
0.819017066839
0.821241255635
0.823464782929
0.818819580884
0.821966831274
0.823339264835
0.824579387501
0.822821232252
0.821470934952
0.821102298388
0.824472942359
0.822856676217
0.824000371956
0.822533447346
0.823237845806
0.823096355092
0.822229801069
0.821988663898
0.823716200762
0.822500969227
0.825070680502
0.822640139111
0.820990533961
0.822858325856
0.824166226554
0.823114063508
0.823749138342
0.824323339937
0.822630794081
0.820480144427
0.822204771709
0.820766468403
0.823445108782
0.822577672050
0.821870636528
0.823013940424
0.821641780346
0.825640226708
0.822141896569
0.825596870341
0.821840870864
0.822116207565
0.821825163749
0.823128806882
0.823478392558
0.819941315235
0.821727027743
0.821789981438
0.822887829672
0.821590585069
0.823977809507
0.820501376415
0.823307153819
0.818432326710
0.818783533997
0.821896640531
0.821500618088
0.819565017536
0.817188743982
0.819888985535
0.818890924228
0.818780132933
0.820032266941
0.819698465332
0.818087144726
0.816515570873
0.821242691166
0.818162669608
0.814047633945
0.819706154600
0.820419160592
0.819581562850
0.817606214433
0.821678621664
0.820810261401
0.815944743672
0.820950135315
0.820006076131
0.817983763768
0.819726147302
0.815855504204
0.818023961547
0.817663168092
0.817791021535
0.817772607643
0.818504191153
0.818350839311
0.819257881257
0.820173245812
0.817656781642
0.817018572378
0.817769589281
0.817766115060
0.819572849486
0.820244066589
0.815883140673
0.816648639699
0.814420322946
0.816750248109
0.814530209367
0.816254519203
0.817498863567
0.818263924324
0.816919130857
0.815797757144
0.817229625214
0.817540331815
0.814916187185
0.817862545701
0.816300000642
0.815810325233
0.818753783058
0.813329725939
0.818720853144
0.820605968509
0.819885003875
0.818022731841
0.818988024027
0.814703944934
0.816921131006
0.820387277644
0.818414043665
0.815689178694
0.813087866813
0.811619308248
0.816773868651
0.811935827856
0.817249451023
0.813023750372
0.813440702622
0.812626155132
0.808886163383
0.813827709059
0.810947688983
0.813644050336
0.815256417205
0.811119020454
0.817352025431
0.810820034050
0.815088815285
0.814806131465
0.814861808099
0.813626175981
0.808630550905
0.813215022578
0.810689253968
0.811375265262
0.816349784406
0.812566869548
0.815845225266
0.811682275534
0.810617973660
0.812729955694
0.811237326929
0.814512408187
0.813961205871
0.811555019640
0.816138193398
0.813578908956
0.817814406945
0.818268307784
0.815428083951
0.816389678818
0.816979944834
0.818251892081
0.789765409239
0.686847308041
0.561142600894
0.436385287456
0.350329108438
0.297344540655
0.262561730987
0.253355477419
0.237651794220
0.223125245391
0.220179453484
0.215571802629
0.214496401785
0.214761027443
0.215654256374
0.230278194018
0.242581285306
0.258433746497
0.279287394302
0.309985035221
0.343446344865
0.409468840490
0.497989540027
0.562472453341
0.620648260922
0.655023452700
0.697467919610
0.707959591196
0.726202344592
0.740662056804
0.752810475622
0.761663132965
0.767579321377
0.781071066205
0.782774306563
0.795812235997
0.797427064023
0.798272546781
0.803957165960
0.804090685221
0.806620967934
0.808945252866
0.810866036331
0.815432226540
0.810968344516
0.813554088848
0.814257692090
0.815431649715
0.817092236080
0.814628405830
0.818236879942
0.815549631467
0.819575627552
0.822085530761
0.821687267254
0.817438816244
0.821942438797
0.821668523100
0.820842375496
0.818292468722
0.821688017822
0.822756886348
0.820287902156
0.822351922389
0.822200893385
0.820697692644
0.824387541996
0.820854200976
0.823251864285
0.826248236271
0.823765197661
0.826042611376
0.825494669454
0.824381396755
0.827895617746
0.821859957519
0.824852627634
0.826749890505
0.826119428970
0.825021168408
0.825398716599
0.824513474194
0.824070617586
0.827758101372
0.826071915696
0.826413798931
0.827689473638
0.821202043246
0.823297606827
0.826835196569
0.826351001039
0.823632998126
0.825495000808
0.826070693485
0.826785154590
0.824445802309
0.824272799555
0.826908372360
0.825324893504
0.827615496769
0.827116032471
0.825498704596
0.826047362557
0.828768853086
0.826093601844
0.825867118852
0.826517177077
0.825517964484
0.825741186353
0.825200662813
0.826175234332
0.823678850798
0.825488467406
0.824916758345
0.826897610943
0.822733073630
0.824071336426
0.824608955408
0.821892885718
0.823408818718
0.822617885871
0.825701568319
0.824411449450
0.822915549304
0.824918540889
0.822205251265
0.822655805129
0.827920410987
0.825239389857
0.821914875643
0.823371815607
0.819250642919
0.818342244481
0.821969928574
0.822192189486
0.822785410197
0.822788831794
0.821882493019
0.824100961419
0.822800168513
0.822946516821
0.821096236290
0.819169996206
0.819780628491
0.822109267248
0.820276426892
0.820038995131
0.822563142936
0.820880858038
0.822442437569
0.821778963601
0.823876763259
0.820307281029
0.825390855532
0.824146576093
0.823725124422
0.824742027600
0.823314044977
0.822594655002
0.822710586883
0.824759372462
0.820441743439
0.822167083504
0.822375788030
0.823089221757
0.823241011796
0.823999221722
0.825103435887
0.825768953055
0.823776377615
0.825558419259
0.821916745221
0.824081119885
0.823676840392
0.826342063872
0.822577471042
0.821883751662
0.821232417564
0.821769989992
0.822097247695
0.821424489589
0.822268530052
0.822523229175
0.822612219930
0.823210528640
0.822454876383
0.823005694326
0.825954702438
0.823728488749
0.825935761345
0.820528142996
0.809056703496
0.781216215528
0.746630172308
0.718814557125
0.700141520298
0.658864129488
0.649569239760
0.645532645695
0.627384262834
0.621440372470
0.616471915434
0.617671276929
0.632486641640
0.662920862379
0.672424002204
0.689812311866
0.716380896047
0.723607698876
0.746237425124
0.763030899711
0.771185314990
0.781782811742
0.790653287621
0.798964076514
0.798822702012
0.802041315201
0.807501618618
0.813453581952
0.814122204692
0.816333405021
0.815762534190
0.813947310482
0.820527636764
0.818400581458
0.822805862765
0.822951390149
0.818608010923
0.822319867374
0.823134172183
0.821698706771
0.822754725173
0.822858505794
0.822643925970
0.823452334904
0.822864552476
0.822433640066
0.824116773106
0.822189417949
0.822497784581
0.823611841127
0.822929848371
0.819513865186
0.818497755256
0.821082327563
0.818651076770
0.822533152290
0.821036746168
0.823054452229
0.826550182154
0.824324085109
0.824014912958
0.822844091339
0.823369727292
0.821740540274
0.822265433021
0.822107119198
0.823584701803
0.822778426822
0.822482786698
0.821659055181
0.824474768709
0.823566858255
0.821403265396
0.825214150935
0.825100116476
0.822564640876
0.820682900944
0.824105237293
0.824765678205
0.823963050980
0.823491818448
0.822512413391
0.822706637122
0.823487500335
0.826401497697
0.825152361278
0.824645281526
0.821814716886
0.826288695444
0.824755729714
0.825092354110
0.821621999485
0.820410042963
0.824891689875
0.822737873144
0.822818819505
0.822230749883
0.825827857441
0.822292112296
0.822497509212
0.821466261126
0.820221874883
0.821021991497
0.826806128078
0.820904025532
0.821362763587
0.824918423532
0.825409644277
0.824556305246
0.821236458861
0.817468604799
0.820552559172
0.822004508963
0.823994886054
0.821797463887
0.821628724458
0.820408310581
0.823242996791
0.821074340740
0.821784199378
0.820260552631
0.819724633846
0.821628136848
0.824063501272
0.821389031101
0.818446646549
0.819628103241
0.822233153931
0.818423691274
0.820369084025
0.820003673237
0.819020046488
0.818321207695
0.819945656871
0.823289359266
0.817876326787
0.820411643447
0.817425555781
0.817169054196
0.818186808143
0.819414599683
0.817621415757
0.813430872098
0.819699040659
0.822074705101
0.820631318034
0.819684706083
0.820403323529
0.820563849130
0.821467273288
0.819020347045
0.819625986691
0.819703249234
0.823351696765
0.820061574972
0.820048796824
0.820086013837
0.819914674442
0.818913028243
0.818192834059
0.819307378693
0.818806742687
0.816600999590
0.816969849138
0.816815682311
0.818587406598
0.814706232278
0.820445774699
0.815079720398
0.819594520571
0.818939571641
0.818750511591
0.814632766029
0.818698545830
0.817102965350
0.818738755395
0.819220877585
0.816439251529
0.814371519492
0.814659266719
0.814666907046
0.816994183955
0.815198152819
0.815752670058
0.816242969505
0.817968952488
0.819589683674
0.816504947539
0.818522259234
0.820058101518
0.814121471793
0.769732557555
0.677239418722
0.573687603644
0.452668513423
0.385537722243
0.318736586210
0.286268868559
0.255114230086
0.236998052601
0.229780723310
0.226655594611
0.217576059296
0.225951465481
0.221014911081
0.226535074455
0.237934907934
0.257084851635
0.272487034866
0.300130427445
0.325756856046
0.364942913826
0.438052993783
0.512855708015
0.583788008726
0.636935195062
0.662812065211
0.701707756548
0.725372251787
0.739302553794
0.754315445409
0.754056070153
0.766995044824
0.777598177624
0.785107045390
0.784032447077
0.790848757841
0.796477690796
0.798448202442
0.798636866821
0.804279223629
0.800854513993
0.808251899857
0.808311013622
0.807459112534
0.811059515626
0.811260450581
0.810710801676
0.814695708240
0.814106591237
0.813105727521
0.816825624454
0.816995389394
0.816454015484
0.819631944435
0.820168724816
0.817667928220
0.822313073155
0.819922554892
0.822809870652
0.823162525383
0.820757023528
0.822621790409
0.825689579631
0.823505790735
0.823081369255
0.825944004312
0.822760810253
0.821095253994
0.822341497648
0.824256169971
0.823816916413
0.822315050047
0.820909070773
0.823195499970
0.824414875512
0.824467074455
0.825417627032
0.823274929364
0.823186751439
0.821451782191
0.824365633381
0.823739628887
0.825734982889
0.823105852797
0.823918450357
0.823350825562
0.822082984050
0.822037731069
0.823902606946
0.822046033079
0.820863518014
0.820809425811
0.825111539430
0.823401612104
0.822661773445
0.822761025453
0.821699699023
0.821636036417
0.822677556711
0.822220237375
0.824230523679
0.821465570341
0.822916620588
0.820971942396
0.820607314450
0.820130539481
0.818204271793
0.822470345489
0.816361932333
0.819311936877
0.820489758059
0.821510939095
0.822646330961
0.821343496556
0.821192710595
0.822954440414
0.823218781461
0.822056105041
0.824521130149
0.825253623177
0.822969072069
0.822399577521
0.823349497637
0.822613229541
0.820247796819
0.821469046575
0.821910084021
0.824496673688
0.823684020189
0.827090899825
0.821787585250
0.823098019998
0.825091718656
0.819411177027
0.822253536023
0.819553209911
0.825040294877
0.821817469616
0.819982802563
0.824252521858
0.820751073082
0.823599106526
0.823841915246
0.824476091691
0.823481261122
0.819424915530
0.822221115457
0.823833685273
0.821758904941
0.824730197626
0.824551056606
0.823338587464
0.823741212861
0.822703673387
0.822218404476
0.822610029891
0.826323708579
0.823670287413
0.821261484513
0.822633748390
0.823467494243
0.822512194155
0.821162194570
0.821692552839
0.821231868938
0.822612331228
0.820790538661
0.821429792876
0.823215174956
0.822044763129
0.821766313133
0.820667456636
0.819817955124
0.821933505789
0.824285472258
0.820123600309
0.819413236840
0.823234974969
0.825233706912
0.821102516756
0.823879138951
0.821981580332
0.824440081017
0.824606937957
0.826639700319
0.821439246441
0.818258377150
0.821536487198
0.822150633650
0.819153796809
0.818513829844
0.822646375171
0.821054842068
0.820788989697
0.819177260247
0.824255035371
0.820958922829
0.820094053516
0.817548132213
0.820496713244
0.819894969626
0.822457691953
0.821344552118
0.823880560846
0.820949882313
0.818830048088
0.821725188944
0.820860309725
0.818353287788
0.820474173071
0.823334731607
0.812862384198
0.794082098186
0.767970534663
0.724375591910
0.688742528718
0.645889388575
0.618402574405
0.588706090506
0.571154150267
0.561008349475
0.546085960933
0.557642180852
0.551799591376
0.547706418938
0.576791725732
0.599881161164
0.630732711776
0.649067388436
0.667280345959
0.693370256843
0.726527220836
0.749345376804
0.761152105407
0.769521238964
0.776762003361
0.788266452037
0.794641901410
0.799207546035
0.804650502698
0.808072577776
0.810500655062
0.812295766575
0.810328387856
0.816744959298
0.818298692585
0.816958782682
0.818663748789
0.821158567643
0.823631844498
0.822316733155
0.818745132769
0.819609587200
0.825813671660
0.820142367186
0.824601339994
0.824135676962
0.823853972565
0.825122252570
0.826935040924
0.825261493815
0.825311822274
0.823455240151
0.823990572621
0.824981476863
0.824486658989
0.824973132384
0.826322032968
0.826493013936
0.825334971740
0.826718329875
0.826168527770
0.825056421928
0.826583254388
0.825764819723
0.824692033424
0.827554065829
0.826602161994
0.825354367631
0.825468752415
0.824112152117
0.826842322542
0.827833048535
0.825236626036
0.822613987877
0.822463785350
0.824825503949
0.824772515953
0.824905795059
0.825898664944
0.825887506026
0.825253499669
0.823241113358
0.826442490840
0.827655055990
0.827863940073
0.824767943823
0.822485972510
0.824547287668
0.823909295959
0.824162061736
0.822635492495
0.825472510801
0.824589120447
0.826112663297
0.823828197516
0.825210786972
0.826734732905
0.826622902584
0.824934561704
0.826500430565
0.825650195153
0.822978228508
0.824822998148
0.823787298133
0.823240134392
0.824182089710
0.822582055630
0.825745904606
0.822133313247
0.824051428355
0.821548375197
0.824039370578
0.824609886300
0.821488327388
0.824417077694
0.820876633415
0.822317893196
0.822248251745
0.825912698180
0.824535254431
0.824370415007
0.820829237915
0.820756422811
0.821809182736
0.822279104580
0.817477411017
0.818981928125
0.822562526674
0.824107495506
0.819611974343
0.821815371169
0.820919206494
0.821772360326
0.822188907601
0.821512394538
0.822229069902
0.822606143143
0.821540059831
0.821462331129
0.822299320562
0.821139433894
0.817199308638
0.817561530967
0.819140985197
0.819222146118
0.816692609632
0.814047475889
0.815721256266
0.817798628458
0.819403141513
0.816989263715
0.819124628386
0.820052129597
0.820104551257
0.817938702422
0.820181946811
0.816980046836
0.820082375022
0.817167157887
0.813081577516
0.814624170660
0.819002675944
0.821499636618
0.817118708839
0.817488739086
0.817254477356
0.817048404345
0.817647562571
0.817115357593
0.817057506189
0.817819972714
0.816163492612
0.819087845794
0.819898765527
0.817310490334
0.817823638272
0.818930305283
0.815156949096
0.813894648688
0.817293692445
0.822339212904
0.816949822766
0.815058750328
0.817674436148
0.813427508133
0.812373764147
0.819869928281
0.816709155495
0.815400326547
0.814252493644
0.817025381853
0.817411705998
0.818699724462
0.817890956303
0.816318583480
0.818184950191
0.816428319967
0.816674817945
0.812742351147
0.819018058011
0.818012488449
0.813960008139
0.816236569891
0.817061675010
0.816942057136
0.816568922200
0.816410360666
0.814447106758
0.815244862468
0.816386930569
0.815825769772
0.814435483954
0.815999457295
0.818769187889
0.812013300869
0.815598029547
0.807171280541
0.814447814080
0.816372956778
0.814710256009
0.811268339252
0.809223292336
0.812673147796
0.815182862027
0.813109590808
0.812477015510
0.813682852344
0.817040970042
0.814669004917
0.814305309901
0.806683685973
0.754264364780
0.623745576934
0.506749910417
0.397821762400
0.326660670693
0.290190033407
0.261275804109
0.243250207295
0.236184118422
0.223747193761
0.220420503396
0.214533017921
0.217110806531
0.216192687786
0.222871984589
0.239589121864
0.258411393552
0.281039038238
0.292982639920
0.330270796873
0.382135876828
0.451007030418
0.530602108645
0.588626080615
0.640204738338
0.670989930164
0.691055139010
0.727210136795
0.733250023560
0.750454352162
0.759278862689
0.759679241412
0.771967928849
0.779324033640
0.785737866491
0.785236973931
0.787372280959
0.795022681291
0.792630025171
0.802000006785
0.799503542085
0.805590256330
0.807547304779
0.810816009960
0.809248194954
0.811226844225
0.812203310142
0.812558360398
0.813676753439
0.816191610668
0.812834011707
0.815340318600
0.815832694288
0.816815625055
0.815695172575
0.817488899922
0.818892099358
0.817222026043
0.818326831820
0.819987295628
0.818558173951
0.819081265219
0.817977036797
0.819376105174
0.817612238457
0.819435800749
0.818944272283
0.817160655798
0.821407376476
0.821461002703
0.820176414883
0.821909402722
0.824381020774
0.824036676575
0.819578720120
0.821681698129
0.821540167620
0.821144403356
0.820580907451
0.823118940860
0.822545368499
0.821816306024
0.821720183678
0.824861803416
0.822305949443
0.823922184695
0.822731779002
0.822891062145
0.824403792198
0.822676924970
0.822628080332
0.819103283189
0.822200638486
0.819937860918
0.822598284388
0.821007342285
0.823906994254
0.823046033052
0.823469358757
0.825536238770
0.822456487333
0.825514265761
0.820778078088
0.824191637327
0.823081095260
0.823859861399
0.823737874138
0.823126737471
0.820009748995
0.822889814838
0.822715113380
0.823246326548
0.822711571484
0.822915302595
0.824657992648
0.824851090120
0.821071401820
0.823084113682
0.824036680573
0.821979534696
0.824081851075
0.824291647599
0.822237053803
0.823879790788
0.823121541022
0.823386127224
0.820416438421
0.822129997671
0.824492853820
0.826028054039
0.826668762827
0.823046461225
0.823172416019
0.823211753366
0.823273595818
0.826542255514
0.823441331282
0.822279147776
0.818806463071
0.822932979228
0.821477306835
0.820575612267
0.820499370925
0.822145230377
0.824537596947
0.822753817001
0.822870727507
0.824479345172
0.821190530049
0.822380703451
0.823182059429
0.821489664635
0.823881153810
0.820136099047
0.820853511900
0.821637429470
0.821477542995
0.820775406732
0.819480641216
0.820009901460
0.822421492705
0.818218294556
0.819173571078
0.821035459041
0.819392420807
0.820378859247
0.819039351529
0.819721917129
0.820146980445
0.820159341353
0.820843945530
0.818984336931
0.818659216534
0.819927323306
0.821004178934
0.819456125664
0.821244807334
0.818864201648
0.819765041827
0.822038433847
0.819182397683
0.819154181945
0.820281862462
0.820069371189
0.817623702443
0.817938214990
0.817873521241
0.821066387860
0.819680584118
0.818801069230
0.820731431472
0.819746586566
0.822434613808
0.820069773744
0.817310257185
0.816409226808
0.818258974069
0.816480157622
0.819710003590
0.815788439565
0.818023044296
0.814780120229
0.802944242187
0.781755521099
0.739913049720
0.681283877760
0.628089069401
0.576019818294
0.547767010883
0.525925037636
0.502043637223
0.501930234178
0.497108584680
0.509628437802
0.536948156344
0.545457118564
0.551962353496
0.569222473191
0.603220712953
0.625363215146
0.655127252584
0.681901179611
0.699351351795
0.724375636500
0.737984091135
0.755719278424
0.768816268609
0.772632029915
0.783778419471
0.791599995175
0.797520933441
0.796524871611
0.803653330246
0.808946361973
0.806158145637
0.811145189974
0.814207621643
0.813665666817
0.812833493613
0.813933484904
0.815307088264
0.816909314918
0.816048623782
0.817302075739
0.819511146803
0.821867605383
0.819696711911
0.820680444972
0.822119976623
0.819194812665
0.821272352746
0.820543794918
0.820899666059
0.821875811197
0.821963937108
0.821793828199
0.822429303852
0.821190625280
0.822880400148
0.823293179415
0.823796365893
0.820432365775
0.821356437274
0.823277915215
0.821150408970
0.821704531614
0.821478357991
0.818119225187
0.821235417348
0.819136328592
0.822014879047
0.824029429777
0.821291425890
0.823321122846
0.823414274740
0.821745170595
0.823145302455
0.821587885677
0.822149019298
0.822226291768
0.822598868475
0.821384210457
0.821533710301
0.818758761954
0.821968174349
0.822232870672
0.821133985513
0.822483063387
0.820196989193
0.821656517017
0.823496230562
0.822807367138
0.823931837225
0.821292723699
0.821809216038
0.824835631985
0.824215338388
0.821884892963
0.823529790480
0.823587090051
0.822911274169
0.823459561322
0.823610001059
0.822788283840
0.823769461827
0.822946754287
0.820853379544
0.822388842020
0.822686493809
0.818814210411
0.821081121345
0.823033719328
0.820661756666
0.819614991708
0.820180364568
0.822016105983
0.821858263387
0.820067069366
0.822490017122
0.819132175263
0.821505250444
0.822273247098
0.820057813849
0.819395907093
0.819031601173
0.817731736567
0.819287334860
0.818818568263
0.819670722429
0.817445641040
0.820582990577
0.820583050036
0.819142475611
0.818833027679
0.817941659228
0.818593227528
0.819605226435
0.817693196579
0.819154600126
0.817396515291
0.820089455103
0.817832399847
0.817586106831
0.819704470303
0.816039037648
0.818668271122
0.815121222851
0.816593268292
0.816804230696
0.816261763065
0.821474888430
0.814463115575
0.816681397445
0.817166398077
0.815466035278
0.819244377555
0.820460297388
0.819996006295
0.819653608488
0.816595552752
0.817673347696
0.818975075953
0.819104827973
0.819664505529
0.820208935874
0.818765161418
0.818733929234
0.819549687994
0.817726113908
0.819440128178
0.819557882674
0.818263423545
0.815005691797
0.818219590047
0.819236080063
0.818503944835
0.816571008770
0.816796110337
0.818191439947
0.818335962695
0.818048568436
0.817271740109
0.818875260888
0.821261779107
0.818842747738
0.821569985651
0.821339954106
0.819494079027
0.820534046785
0.819344374763
0.821877510157
0.822592459949
0.821347491203
0.822133745264
0.821375516802
0.821801128228
0.821546710706
0.820575492802
0.822119742400
0.822157320039
0.820893804628
0.820998508296
0.821512127753
0.822775734612
0.821174456738
0.820217461059
0.820205580681
0.822751156841
0.823856070685
0.818211651483
0.822872627447
0.822302108988
0.821525508062
0.821861591222
0.822112023826
0.817605765454
0.786335315717
0.679541992827
0.547542229535
0.415255076168
0.342244674009
0.288257775149
0.258267363577
0.244295375830
0.225219321003
0.226023234436
0.215069864755
0.213418436447
0.219535192436
0.210903146901
0.217002280411
0.226260168093
0.244830640364
0.269331738750
0.286287649829
0.305757495528
0.340926960341
0.394795817213
0.477540117846
0.557152870823
0.614088683926
0.653391499665
0.690858799810
0.708873974434
0.725350389351
0.742870094760
0.757629121846
0.766927800613
0.775583426875
0.783400318663
0.789721428487
0.787242195564
0.796484562179
0.797380523898
0.798412927019
0.798935165606
0.799553585165
0.806005448946
0.808112665642
0.812989355778
0.808679843472
0.811129326459
0.811585462246
0.809564912160
0.817560538139
0.812083575796
0.815423707264
0.813740881160
0.811325205932
0.812617051084
0.815872702610
0.813863102532
0.817405522454
0.817148660019
0.817362200077
0.818480156440
0.816354904059
0.816002218223
0.818626699025
0.819516003796
0.817067069780
0.819304345594
0.818453100353
0.819248391381
0.818218059021
0.820577947357
0.821045037251
0.822279744049
0.821339737163
0.822149180239
0.823844375333
0.824855962332
0.821167323948
0.824524223401
0.824116052059
0.824450472401
0.822975995543
0.824201994653
0.821704682507
0.824219162314
0.821843114238
0.825866995219
0.826018018161
0.822001542923
0.821917017832
0.822893884853
0.822935830627
0.823391285234
0.824186480197
0.823611287659
0.822133673618
0.823860777396
0.822846870099
0.821839564281
0.823593354969
0.823770186361
0.821381779166
0.824003950089
0.821559339368
0.824117878628
0.824045387229
0.822822876204
0.825599198608
0.822972097712
0.822554110342
0.822572617398
0.820194622844
0.823138422319
0.821578953290
0.821485106076
0.822253613157
0.822965767916
0.822187642666
0.823702230747
0.820086601246
0.822926815152
0.820072002370
0.820010288666
0.820917573938
0.823814070524
0.818650983408
0.822708929765
0.820991829984
0.819651639156
0.820315275036
0.817669144516
0.820045914178
0.822629687030
0.822811962414
0.822064129503
0.819944390358
0.823463922121
0.822127285601
0.823695161993
0.823604698693
0.822852384618
0.823238145442
0.819120143419
0.821942229277
0.821451942953
0.822457317287
0.821142907305
0.819267174492
0.821086421461
0.820753476196
0.820741280378
0.821019247329
0.819140118261
0.821622099969
0.822074158605
0.819297241365
0.820382051976
0.821213680007
0.818658489365
0.820627777700
0.819705360113
0.818648909569
0.820216858378
0.821170532479
0.818933075116
0.819092891191
0.818450225350
0.816150714192
0.819428883702
0.819106736958
0.821926782508
0.819385162071
0.818094585374
0.818822747090
0.821374177028
0.817604916548
0.817450604926
0.819609380138
0.816601354768
0.820324146432
0.820144973260
0.819405175621
0.818945205966
0.821191956208
0.819906621072
0.819743483103
0.816861529341
0.821382981939
0.820151997120
0.822661060816
0.818702870789
0.818911349735
0.819235395580
0.819191199742
0.818551379819
0.818689066783
0.818699292444
0.818373819378
0.818954484042
0.818684374055
0.819526007461
0.816654132483
0.815952739452
0.818783224482
0.819913111754
0.821561675806
0.818064931501
0.820531973794
0.819237441301
0.820315808355
0.820043723593
0.821579127655
0.816486275273
0.820049209218
0.817220745512
0.818641229500
0.819868794614
0.820765252688
0.818273034067
0.821282984689
0.819496967503
0.818730361685
0.815176820121
0.817507285277
0.817180488738
0.819061255154
0.818160553028
0.816694918956
0.817724526743
0.819029330579
0.820271446092
0.812366957910
0.818481893223
0.818404110687
0.819831851955
0.820337233227
0.816529688563
0.819313515433
0.820671069336
0.821366815684
0.815597830693
0.818155935355
0.817149942997
0.819887804997
0.820092764249
0.819588837895
0.816072807353
0.814032120931
0.814254099982
0.815195392001
0.815191025283
0.814742174823
0.815552173222
0.815923310128
0.817263387184
0.811377786754
0.813548447271
0.813079608372
0.815462669539
0.816613048198
0.817888280382
0.817730628225
0.817224341610
0.816891052160
0.817218045317
0.817230468796
0.819702847974
0.817559160724
0.818097947161
0.816865565131
0.817410194470
0.807751141194
0.791340504064
0.765456524012
0.718977808013
0.664396533233
0.602398536401
0.565514988211
0.527042642236
0.516053548893
0.502329434789
0.503403474370
0.510559300598
0.511835696049
0.533197147985
0.550978593488
0.555576376818
0.567991392896
0.589602755835
0.611167272228
0.631122032546
0.655978049770
0.678828953905
0.695770809555
0.723462528107
0.737230553775
0.748534475945
0.763784598630
0.771083356241
0.780398971336
0.782950792289
0.790757394617
0.797124778280
0.794323220262
0.799410610411
0.804026734446
0.804234439499
0.804676929730
0.806868871914
0.808489226602
0.808321350521
0.809600919210
0.812435527837
0.810831706220
0.814130000152
0.813172191860
0.814072034934
0.815040710864
0.815496211071
0.816890167292
0.816658582146
0.815197089987
0.817598047673
0.816408206415
0.814632431063
0.813818025640
0.816488520384
0.816620136505
0.816020900697
0.813943107535
0.817503167889
0.818383182632
0.820015081917
0.814318110587
0.817226582655
0.817883733342
0.816832020839
0.817519287525
0.815122590387
0.816865930877
0.812769258422
0.819373561102
0.818285609830
0.819852131661
0.818752959642
0.817140906002
0.818363475483
0.816898271211
0.814572017077
0.818263309951
0.817483285083
0.814101295120
0.815706872084
0.815929931679
0.817600047010
0.813367339529
0.816169735943
0.813267452911
0.814348318999
0.815235834655
0.813829720569
0.811854244325
0.814454493332
0.818091289850
0.816372067600
0.814581200077
0.813624889719
0.814857069318
0.815355729835
0.813986504897
0.813741981254
0.812005888326
0.812476003748
0.811053614625
0.812090756944
0.812830499102
0.812883280136
0.810907118188
0.811158760347
0.814446928438
0.814451133250
0.812718694439
0.812507753130
0.814974600598
0.814430833262
0.813049345305
0.812923179069
0.810818062806
0.814604645972
0.814847212556
0.812909263273
0.815154762561
0.813696788955
0.813359881110
0.816690244162
0.817086303760
0.815349961404
0.815114301856
0.816589998991
0.814439308234
0.813972145463
0.812701349529
0.813698885989
0.810452422983
0.813385045305
0.815620334099
0.815276220816
0.814252879665
0.815011207410
0.815408865743
0.817065372297
0.816736249583
0.814357000419
0.818267124182
0.817336894985
0.815763231191
0.816872385543
0.816363508027
0.817986567407
0.816972746593
0.817998309306
0.814398347896
0.817180149882
0.817376449606
0.816039307441
0.814683544336
0.815219345403
0.817421673520
0.814790082562
0.815963187340
0.817993098923
0.817521223415
0.817672226841
0.812120793567
0.815276278981
0.813924372989
0.815585808195
0.815792015348
0.814318093682
0.815012915249
0.814159996796
0.813326898889
0.813868307461
0.811500591325
0.816770640092
0.814296817688
0.813964470036
0.817318486233
0.816655661581
0.815136843642
0.813090302334
0.815856797250
0.817255124088
0.813693419417
0.815470353371
0.815368432276
0.812607775155
0.814397477603
0.811320212052
0.816396055521
0.812679404429
0.815417423941
0.814862906373
0.814564773587
0.814239028572
0.815672041719
0.817733002755
0.817892019833
0.818438708913
0.817434056554
0.816760284184
0.819698724113
0.814739297614
0.814840526655
0.816394948988
0.815985158531
0.817022196340
0.814066882278
0.816624081358
0.813882633101
0.818418771394
0.817181364726
0.815147482878
0.817921660464
0.816255432501
0.815763360724
0.816934978171
0.817841122186
0.816505810729
0.817119557943
0.814411059859
0.789963423508
0.700375386312
0.566567180975
0.438090743761
0.363709035554
0.301384911459
0.269363807888
0.248617669470
0.235387953846
0.224515498513
0.220017803780
0.217238830313
0.208069176140
0.215773729939
0.219727881076
0.229164611506
0.241011926951
0.262733822829
0.282841417880
0.302974202519
0.340428635189
0.416348282078
0.495499813738
0.557816430367
0.610338358930
0.648639571581
0.676697753398
0.696766040833
0.715527559677
0.723921911738
0.740422793617
0.750986979798
0.758688011594
0.765379850188
0.772403795825
0.780574987899
0.781193283473
0.778526668869
0.789851268492
0.793208403263
0.798347909903
0.795049175834
0.805023309396
0.803010164846
0.798492349319
0.806222384775
0.805796587518
0.805668145396
0.805429896969
0.806423283864
0.807640902582
0.807846384528
0.810529813731
0.805767648219
0.812104547507
0.811350032521
0.808918438539
0.809948478088
0.811846669396
0.811686408646
0.807307847143
0.810245771514
0.806808939117
0.811614660490
0.810637426864
0.809984070945
0.811145928196
0.808078277714
0.810559700771
0.812899993408
0.806793113303
0.807190911481
0.813925063702
0.813599655885
0.815029467786
0.813915090365
0.811525041118
0.816513724718
0.813194188142
0.814524396008
0.815722424932
0.814731918071
0.813914763354
0.812825458666
0.814950692534
0.816267968003
0.817443977797
0.815982829753
0.813787620403
0.813347526738
0.815893305626
0.814663199257
0.814400117209
0.813050542269
0.814925604681
0.810781132610
0.810857916192
0.816785701171
0.813181849621
0.811842254544
0.809307454612
0.806522261223
0.813828930821
0.813147221111
0.811269126788
0.814773543165
0.811460596844
0.812250158402
0.814140212348
0.815333169981
0.813969225230
0.813449570560
0.815416322222
0.814931051134
0.816353214243
0.810729448551
0.814029968298
0.813170941807
0.815679412691
0.817681706970
0.812152144673
0.812707059543
0.813935407993
0.814046703336
0.814455699115
0.815884210159
0.813431895284
0.813555096050
0.813252970066
0.814577383352
0.812707578598
0.814143808672
