  0   0   0   0   0   0   0   0   0   0   0   0   0   0   0   0   0   0   0   0
   0   0   0   0   0   0   0  32  51  64  77  96   0   0   0   0   0   0   0   0
   0   0   0   0   0   0  32  32  45  64  83  96  96   0   0   0   0   0   0   0
   0   0   0   0   0  32  32  32  32   0  96  96  96  96   0   0   0   0   0   0
   0   0   0   0   0  13  19  32   0   0   0  96 109 115   0   0   0   0   0   0
   0   0   0   0   0   0   0   0   0   0   0   0 128 128   0   0   0   0   0   0
   0   0   0   0   0 243 237 224   0   0   0 160 147 141   0   0   0   0   0   0
   0   0   0   0   0 224 224 224 224   0 160 160 160 160   0   0   0   0   0   0
   0   0   0   0   0   0 224 224 211 192 173 160 160   0   0   0   0   0   0   0
   0   0   0   0   0   0   0 224 205 192 179 160   0   0   0   0   0   0   0   0
   0   0   0   0   0   0   0   0   0   0   0   0   0   0   0   0   0   0   0   0
