 0   0   0   0   0   0   0   0   0   0   0   0   0   0   0   0   0   0   0   0
   0   0   0   0   0   0   0   0   0   0   0   0   0   0   0   0   0   0   0   0
   0   0   0   0   0   0   0  38  41  37  41  38   0   0   0   0   0   0   0   0
   0   0   0   0   0   0  38  38   0   0   0  38  38   0   0   0   0   0   0   0
   0   0   0   0   0   0  41   0   0   0   0   0  41   0   0   0   0   0   0   0
   0   0   0   0   0  37  37   0   0   0   0   0  37  37   0   0   0   0   0   0
   0   0   0   0   0   0  41   0   0   0   0   0  41   0   0   0   0   0   0   0
   0   0   0   0   0   0  38  38   0   0   0  38  38   0   0   0   0   0   0   0
   0   0   0   0   0   0   0  38  41  37  41  38   0   0   0   0   0   0   0   0
   0   0   0   0   0   0   0   0   0   0   0   0   0   0   0   0   0   0   0   0
   0   0   0   0   0   0   0   0   0   0   0   0   0   0   0   0   0   0   0   0
   
   
